frame,zoom_level,uncertainty,area,conf,lost,latency,command,state,zoom_in_score,zoom_out_score,scale_need,edge_risk,blur_risk,association_risk,lost_risk,overzoom_risk,assoc_stage,candidate_count,high_candidate_count,low_candidate_count,selected_cost,association_ambiguity,kalman_innovation,cooldown_remaining,stable_count,unstable_count,risk_level,zoom_veto_reason,proposed_action,final_action,veto_applied,veto_reason,decision_reason
1,1,0.000000,0.00349935,1.000000,0,0.000000,init,TRACKING,0.000000,0.000000,0.000000,0.000000,0.000000,0.000000,0.000000,0.000000,init,0,0,0,-1.000000,0.000000,0.000000,0,0,0,low,none,,,0,none,init
2,1,0.430424,0.00349935,0.425000,1,0.062090,keep,CAUTION,0.865277,1.250000,0.650065,0.000000,0.000000,1.000000,0.250000,0.000000,predict_only,6,0,6,-1.000000,1.000000,1.000000,0,0,0,,,,keep,0,,lost_zoom_out
3,1,0.497333,0.00349935,0.361250,2,0.022511,keep,RECOVERY,0.898732,1.500000,0.650065,0.000000,0.000000,1.000000,0.500000,0.000000,predict_only,6,0,6,-1.000000,1.000000,2.000000,0,0,0,,,,keep,0,,recovery_zoom_out
4,1,0.531783,0.00349935,0.307062,3,0.020722,keep,RECOVERY,0.915956,1.750000,0.650065,0.000000,0.000000,1.000000,0.750000,0.000000,predict_only,4,0,4,-1.000000,1.000000,3.000000,0,0,0,,,,keep,0,,recovery_zoom_out
5,1,0.552816,0.00349935,0.261003,4,0.019858,keep,RECOVERY,0.926473,2.000000,0.650065,0.000000,0.000000,1.000000,1.000000,0.000000,predict_only,2,0,2,-1.000000,1.000000,4.000000,0,0,0,,,,keep,0,,recovery_zoom_out
6,1,0.567660,0.00349935,0.221853,5,0.018956,keep,RECOVERY,0.933895,2.000000,0.650065,0.000000,0.000000,1.000000,1.000000,0.000000,predict_only,5,0,5,-1.000000,1.000000,5.000000,0,0,0,,,,keep,0,,recovery_zoom_out
7,1,0.579160,0.00349935,0.188575,6,0.019181,keep,RECOVERY,0.939645,2.000000,0.650065,0.000000,0.000000,1.000000,1.000000,0.000000,predict_only,9,0,9,-1.000000,1.000000,6.000000,0,0,0,,,,keep,0,,recovery_zoom_out
8,1,0.588525,0.00349935,0.160289,7,0.020237,keep,RECOVERY,0.944328,2.000000,0.650065,0.000000,0.000000,1.000000,1.000000,0.000000,predict_only,5,0,5,-1.000000,1.000000,7.000000,0,0,0,,,,keep,0,,recovery_zoom_out
9,1,0.573809,0.00432379,0.126372,0,0.020547,keep,RECOVERY,0.854525,0.668597,0.567621,0.000000,0.000000,0.668597,0.000000,0.000000,low,4,0,4,0.685550,0.000000,1.050713,0,0,0,,,,keep,0,,recovery_zoom_out
10,1,0.440409,0.00443227,0.425000,1,0.020188,keep,RECOVERY,0.776977,1.250000,0.556773,0.000000,0.000000,1.000000,0.250000,0.000000,predict_only,5,0,5,-1.000000,1.000000,1.000000,0,0,0,,,,keep,0,,recovery_zoom_out
11,1,0.507188,0.00454049,0.361250,2,0.021892,keep,RECOVERY,0.799545,1.500000,0.545951,0.000000,0.000000,1.000000,0.500000,0.000000,predict_only,8,0,8,-1.000000,1.000000,2.000000,0,0,0,,,,keep,0,,recovery_zoom_out
12,1,0.541512,0.00464844,0.307062,3,0.021989,keep,RECOVERY,0.805912,1.750000,0.535156,0.000000,0.000000,1.000000,0.750000,0.000000,predict_only,5,0,5,-1.000000,1.000000,3.000000,0,0,0,,,,keep,0,,recovery_zoom_out
13,1,0.562424,0.00475613,0.261003,4,0.022557,keep,RECOVERY,0.805600,2.000000,0.524387,0.000000,0.000000,1.000000,1.000000,0.000000,predict_only,5,0,5,-1.000000,1.000000,4.000000,0,0,0,,,,keep,0,,recovery_zoom_out
14,1,0.422020,0.00556709,0.123234,0,0.023597,keep,RECOVERY,0.654301,0.558277,0.443291,0.000000,0.000000,0.558277,0.000000,0.000000,low,8,0,8,0.269023,0.000000,0.335624,0,0,0,,,,keep,0,,recovery_zoom_out
15,1,0.435788,0.00584359,0.425000,1,0.021655,keep,RECOVERY,0.633536,1.250000,0.415641,0.000000,0.000000,1.000000,0.250000,0.000000,predict_only,7,0,7,-1.000000,1.000000,1.000000,0,0,0,,,,keep,0,,recovery_zoom_out
16,1,0.502575,0.00612486,0.361250,2,0.022577,keep,RECOVERY,0.638802,1.500000,0.387514,0.000000,0.000000,1.000000,0.500000,0.000000,predict_only,3,0,3,-1.000000,1.000000,2.000000,0,0,0,,,,keep,0,,recovery_zoom_out
17,1,0.536909,0.00641090,0.307062,3,0.021052,keep,RECOVERY,0.627364,1.750000,0.358910,0.000000,0.000000,1.000000,0.750000,0.000000,predict_only,4,0,4,-1.000000,1.000000,3.000000,0,0,0,,,,keep,0,,recovery_zoom_out
18,1,0.381497,0.00532340,0.149032,0,0.020357,keep,RECOVERY,0.658409,0.525914,0.467660,0.000000,0.000000,0.525914,0.000000,0.000000,low,5,0,5,0.185220,0.000000,0.167814,0,0,0,,,,keep,0,,recovery_zoom_out
19,1,0.436953,0.00524134,0.425000,1,0.019701,keep,RECOVERY,0.694342,1.250000,0.475866,0.000000,0.000000,1.000000,0.250000,0.000000,predict_only,8,0,8,-1.000000,1.000000,1.000000,0,0,0,,,,keep,0,,recovery_zoom_out
20,1,0.503909,0.00515803,0.361250,2,0.019409,keep,RECOVERY,0.736152,1.500000,0.484197,0.000000,0.000000,1.000000,0.500000,0.000000,predict_only,7,0,7,-1.000000,1.000000,2.000000,0,0,0,,,,keep,0,,recovery_zoom_out
21,1,0.378189,0.00494174,0.110745,0,0.020799,keep,RECOVERY,0.694921,0.513485,0.505826,0.000000,0.000000,0.513485,0.000000,0.000000,low,6,0,6,0.111962,0.000000,0.102629,0,0,0,,,,keep,0,,recovery_zoom_out
22,1,0.438569,0.00481926,0.425000,1,0.020411,keep,RECOVERY,0.737359,1.250000,0.518074,0.000000,0.000000,1.000000,0.250000,0.000000,predict_only,9,1,8,-1.000000,1.000000,1.000000,0,0,0,,,,keep,0,,recovery_zoom_out
23,1,0.505579,0.00469802,0.361250,2,0.020769,keep,RECOVERY,0.782988,1.500000,0.530198,0.000000,0.000000,1.000000,0.500000,0.000000,predict_only,7,0,7,-1.000000,1.000000,2.000000,0,0,0,,,,keep,0,,recovery_zoom_out
24,1,0.540133,0.00457802,0.307062,3,0.020487,keep,RECOVERY,0.812264,1.750000,0.542198,0.000000,0.000000,1.000000,0.750000,0.000000,predict_only,8,0,8,-1.000000,1.000000,3.000000,0,0,0,,,,keep,0,,recovery_zoom_out
25,1,0.382260,0.00522905,0.113904,0,0.020375,keep,RECOVERY,0.668225,0.516141,0.477095,0.000000,0.000000,0.516141,0.000000,0.000000,low,5,0,5,0.137689,0.000000,0.159450,0,0,0,,,,keep,0,,recovery_zoom_out
26,1,0.399355,0.00510294,0.124702,0,0.021570,keep,RECOVERY,0.689384,0.848964,0.489706,0.000000,0.000000,0.848964,0.000000,0.000000,low,8,0,8,0.026765,0.829318,0.048135,0,0,0,,,,keep,0,,recovery_zoom_out
27,1,0.348913,0.00499233,0.126146,0,0.020844,keep,RECOVERY,0.675224,0.472950,0.500767,0.000000,0.000000,0.472950,0.000000,0.000000,low,9,0,9,0.017164,0.000000,0.023585,0,0,0,,,,keep,0,,recovery_zoom_out
28,1,0.337539,0.00507489,0.155933,0,0.020613,keep,RECOVERY,0.661280,0.462412,0.492511,0.000000,0.000000,0.462412,0.000000,0.000000,low,9,1,8,0.010567,0.000000,0.025715,0,0,0,,,,keep,0,,recovery_zoom_out
29,1,0.364147,0.00463205,0.133674,0,0.021303,keep,RECOVERY,0.718869,0.497401,0.536795,0.000000,0.000000,0.497401,0.000000,0.000000,low,10,1,9,0.087727,0.000000,0.085175,0,0,0,,,,keep,0,,recovery_zoom_out
30,1,0.439244,0.00441445,0.425000,1,0.020103,keep,RECOVERY,0.778177,1.250000,0.558555,0.000000,0.000000,1.000000,0.250000,0.000000,predict_only,6,0,6,-1.000000,1.000000,1.000000,0,0,0,,,,keep,0,,recovery_zoom_out
31,1,0.378969,0.00530644,0.143107,0,0.021162,keep,RECOVERY,0.658841,0.513571,0.469356,0.000000,0.000000,0.513571,0.000000,0.000000,low,14,0,14,0.151429,0.000000,0.153690,0,0,0,,,,keep,0,,recovery_zoom_out
32,1,0.363594,0.00570299,0.101754,0,0.020184,keep,RECOVERY,0.611498,0.489464,0.429701,0.000000,0.000000,0.489464,0.000000,0.000000,low,10,0,10,0.047076,0.000000,0.051688,0,0,0,,,,keep,0,,recovery_zoom_out
33,1,0.438148,0.00601578,0.425000,1,0.019626,keep,RECOVERY,0.617496,1.250000,0.398422,0.000000,0.000000,1.000000,0.250000,0.000000,predict_only,9,1,8,-1.000000,1.000000,1.000000,0,0,0,,,,keep,0,,recovery_zoom_out
34,1,0.366672,0.00527962,0.147777,0,0.020754,keep,RECOVERY,0.655374,0.501696,0.472038,0.000000,0.000000,0.501696,0.000000,0.000000,low,12,0,12,0.115481,0.000000,0.113318,0,0,0,,,,keep,0,,recovery_zoom_out
35,1,0.438108,0.00518224,0.425000,1,0.020553,keep,RECOVERY,0.700830,1.250000,0.481776,0.000000,0.000000,1.000000,0.250000,0.000000,predict_only,9,0,9,-1.000000,1.000000,1.000000,0,0,0,,,,keep,0,,recovery_zoom_out
36,1,0.505087,0.00508506,0.361250,2,0.020922,keep,RECOVERY,0.744038,1.500000,0.491494,0.000000,0.000000,1.000000,0.500000,0.000000,predict_only,8,0,8,-1.000000,1.000000,2.000000,0,0,0,,,,keep,0,,recovery_zoom_out
37,1,0.539609,0.00498808,0.307062,3,0.020257,keep,RECOVERY,0.770996,1.750000,0.501192,0.000000,0.000000,1.000000,0.750000,0.000000,predict_only,6,1,5,-1.000000,1.000000,3.000000,0,0,0,,,,keep,0,,recovery_zoom_out
38,1,0.560716,0.00489132,0.261003,4,0.020944,keep,RECOVERY,0.791226,2.000000,0.510868,0.000000,0.000000,1.000000,1.000000,0.000000,predict_only,8,1,7,-1.000000,1.000000,4.000000,0,0,0,,,,keep,0,,recovery_zoom_out
39,1,0.406059,0.00643470,0.138527,0,0.020509,keep,RECOVERY,0.559559,0.541668,0.356530,0.000000,0.000000,0.541668,0.000000,0.000000,low,8,1,7,0.239897,0.000000,0.283660,0,0,0,,,,keep,0,,recovery_zoom_out
40,1,0.436344,0.00671749,0.425000,1,0.020479,keep,RECOVERY,0.546423,1.250000,0.328251,0.000000,0.000000,1.000000,0.250000,0.000000,predict_only,9,1,8,-1.000000,1.000000,1.000000,0,0,0,,,,keep,0,,recovery_zoom_out
41,1,0.368667,0.00593866,0.114727,0,0.021344,keep,RECOVERY,0.590467,0.507041,0.406134,0.000000,0.000000,0.507041,0.000000,0.000000,low,10,1,9,0.100656,0.000000,0.082325,0,0,0,,,,keep,0,,recovery_zoom_out
42,1,0.377424,0.00570915,0.168713,0,0.021723,keep,RECOVERY,0.617798,0.820881,0.429085,0.000000,0.000000,0.820881,0.000000,0.000000,low,9,0,9,0.019257,0.795130,0.037982,0,0,0,,,,keep,0,,recovery_zoom_out
43,1,0.344999,0.00584761,0.137929,0,0.020955,keep,RECOVERY,0.587739,0.480222,0.415239,0.000000,0.000000,0.480222,0.000000,0.000000,low,7,0,7,0.044484,0.000000,0.037120,0,0,0,,,,keep,0,,recovery_zoom_out
44,1,0.434602,0.00582328,0.425000,1,0.019700,keep,RECOVERY,0.634973,1.250000,0.417672,0.000000,0.000000,1.000000,0.250000,0.000000,predict_only,6,0,6,-1.000000,1.000000,1.000000,0,0,0,,,,keep,0,,recovery_zoom_out
45,1,0.501519,0.00579886,0.361250,2,0.019407,keep,RECOVERY,0.670874,1.500000,0.420114,0.000000,0.000000,1.000000,0.500000,0.000000,predict_only,11,0,11,-1.000000,1.000000,2.000000,0,0,0,,,,keep,0,,recovery_zoom_out
46,1,0.535977,0.00577435,0.307062,3,0.020252,keep,RECOVERY,0.690554,1.750000,0.422565,0.000000,0.000000,1.000000,0.750000,0.000000,predict_only,13,0,13,-1.000000,1.000000,3.000000,0,0,0,,,,keep,0,,recovery_zoom_out
47,1,0.363989,0.00587700,0.113356,0,0.019943,keep,RECOVERY,0.594294,0.491772,0.412300,0.000000,0.000000,0.491772,0.000000,0.000000,low,12,1,11,0.059241,0.000000,0.062772,0,0,0,,,,keep,0,,recovery_zoom_out
48,1,0.435850,0.00588462,0.425000,1,0.019817,keep,RECOVERY,0.629463,1.250000,0.411538,0.000000,0.000000,1.000000,0.250000,0.000000,predict_only,8,2,6,-1.000000,1.000000,1.000000,0,0,0,,,,keep,0,,recovery_zoom_out
49,1,0.502754,0.00589176,0.361250,2,0.020625,keep,RECOVERY,0.662201,1.500000,0.410824,0.000000,0.000000,1.000000,0.500000,0.000000,predict_only,6,0,6,-1.000000,1.000000,2.000000,0,0,0,,,,keep,0,,recovery_zoom_out
50,1,0.340767,0.00681121,0.274603,0,0.020470,keep,RECOVERY,0.489262,0.499349,0.318879,0.000000,0.000000,0.499349,0.000000,0.000000,low,6,2,4,0.200037,0.000000,0.180706,0,0,0,,,,keep,0,,recovery_zoom_out
51,1,0.353703,0.00641466,0.147744,0,0.021347,keep,RECOVERY,0.535386,0.486609,0.358534,0.000000,0.000000,0.486609,0.000000,0.000000,low,6,0,6,0.070603,0.000000,0.077852,0,0,0,,,,keep,0,,recovery_zoom_out
52,1,0.316365,0.00696645,0.262736,0,0.020600,keep,RECOVERY,0.461538,0.447510,0.303355,0.000000,0.000000,0.447510,0.000000,0.000000,low,4,1,3,0.048214,0.000000,0.085806,0,0,0,,,,keep,0,,recovery_zoom_out
53,1,0.437766,0.00723363,0.425000,1,0.020753,keep,RECOVERY,0.495520,1.250000,0.276637,0.000000,0.000000,1.000000,0.250000,0.000000,predict_only,12,1,11,-1.000000,1.000000,1.000000,0,0,0,,,,keep,0,,recovery_zoom_out
54,1,0.373110,0.00576171,0.156502,0,0.021093,keep,RECOVERY,0.610384,0.516480,0.423829,0.000000,0.000000,0.516480,0.000000,0.000000,low,8,1,7,0.160434,0.000000,0.140921,0,0,0,,,,keep,0,,recovery_zoom_out
55,1,0.439953,0.00536480,0.425000,1,0.020941,keep,RECOVERY,0.683496,1.250000,0.463520,0.000000,0.000000,1.000000,0.250000,0.000000,predict_only,8,1,7,-1.000000,1.000000,1.000000,0,0,0,,,,keep,0,,recovery_zoom_out
56,1,0.373551,0.00657991,0.161876,0,0.021982,keep,RECOVERY,0.528785,0.517062,0.342009,0.000000,0.000000,0.517062,0.000000,0.000000,low,7,0,7,0.167335,0.000000,0.157745,0,0,0,,,,keep,0,,recovery_zoom_out
57,1,0.375045,0.00583720,0.148895,0,0.021038,keep,RECOVERY,0.603802,0.524690,0.416280,0.000000,0.000000,0.524690,0.000000,0.000000,low,5,0,5,0.178219,0.000000,0.167814,0,0,0,,,,keep,0,,recovery_zoom_out
58,1,0.437474,0.00560615,0.425000,1,0.020944,keep,RECOVERY,0.658122,1.250000,0.439385,0.000000,0.000000,1.000000,0.250000,0.000000,predict_only,9,1,8,-1.000000,1.000000,1.000000,0,0,0,,,,keep,0,,recovery_zoom_out
59,1,0.504525,0.00537966,0.361250,2,0.019852,keep,RECOVERY,0.714297,1.500000,0.462034,0.000000,0.000000,1.000000,0.500000,0.000000,predict_only,5,1,4,-1.000000,1.000000,2.000000,0,0,0,,,,keep,0,,recovery_zoom_out
60,1,0.330964,0.00696020,0.345378,0,0.019902,keep,RECOVERY,0.469462,0.471569,0.303980,0.000000,0.000000,0.471569,0.000000,0.000000,low,4,1,3,0.181033,0.000000,0.244358,0,0,0,,,,keep,0,,recovery_zoom_out
61,1,0.303563,0.00711548,0.299202,0,0.020600,keep,RECOVERY,0.440234,0.432589,0.288452,0.000000,0.000000,0.432589,0.000000,0.000000,low,6,2,4,0.031748,0.000000,0.088880,0,0,0,,,,keep,0,,recovery_zoom_out
62,1,0.355992,0.00734401,0.151230,0,0.021950,keep,RECOVERY,0.443595,0.487490,0.265599,0.000000,0.000000,0.487490,0.000000,0.000000,low,6,1,5,0.066908,0.000000,0.094567,0,0,0,,,,keep,0,,recovery_zoom_out
63,1,0.363953,0.00659530,0.128568,0,0.021061,keep,RECOVERY,0.522446,0.502719,0.340470,0.000000,0.000000,0.502719,0.000000,0.000000,low,8,0,8,0.100803,0.000000,0.090155,0,0,0,,,,keep,0,,recovery_zoom_out
64,1,0.437207,0.00634220,0.425000,1,0.020981,keep,RECOVERY,0.584383,1.250000,0.365780,0.000000,0.000000,1.000000,0.250000,0.000000,predict_only,7,0,7,-1.000000,1.000000,1.000000,0,0,0,,,,keep,0,,recovery_zoom_out
65,1,0.308139,0.00651463,0.297760,0,0.020937,keep,RECOVERY,0.502606,0.453362,0.348537,0.000000,0.000000,0.453362,0.000000,0.000000,low,7,0,7,0.074713,0.000000,0.094531,0,0,0,,,,keep,0,,recovery_zoom_out
66,1,0.352101,0.00671446,0.159610,0,0.021531,keep,RECOVERY,0.504605,0.553469,0.328554,0.083529,0.000000,0.469940,0.000000,0.000000,low,7,2,5,0.030421,0.000000,0.046088,0,0,0,,,,keep,0,,recovery_zoom_out
67,1,0.353951,0.00719790,0.211670,0,0.021050,keep,RECOVERY,0.457185,0.616260,0.280210,0.145579,0.000000,0.470681,0.000000,0.000000,low,7,2,5,0.068573,0.000000,0.088902,0,0,0,,,,keep,0,,recovery_zoom_out
68,1,0.269663,0.00758928,0.393016,0,0.021385,keep,RECOVERY,0.375903,0.439540,0.241072,0.235419,0.000000,0.204121,0.000000,0.000000,high,11,2,9,0.019004,0.000000,0.082026,0,0,0,,,,keep,0,,recovery_zoom_out
69,1,0.385066,0.00760066,0.123748,0,0.021650,keep,RECOVERY,0.432467,0.773307,0.239934,0.294533,0.000000,0.478774,0.000000,0.000000,low,6,0,6,0.031585,0.000000,0.034428,0,0,0,,,,keep,0,,recovery_zoom_out
70,1,0.335677,0.00760406,0.279264,0,0.021509,keep,RECOVERY,0.407432,0.782080,0.239594,0.345979,0.000000,0.436101,0.000000,0.000000,low,10,0,10,0.024852,0.000000,0.038768,0,0,0,,,,keep,0,,recovery_zoom_out
71,1,0.362498,0.00718667,0.301765,0,0.021101,keep,RECOVERY,0.462582,0.925799,0.281333,0.477459,0.000000,0.448340,0.000000,0.000000,low,9,2,7,0.080869,0.000000,0.096681,0,0,0,,,,keep,0,,recovery_zoom_out
72,1,0.506194,0.00702643,0.425000,1,0.019508,keep,RECOVERY,0.550454,1.823292,0.297357,0.573292,0.000000,1.000000,0.250000,0.000000,predict_only,5,1,4,-1.000000,1.000000,1.000000,0,0,0,,,,keep,0,,recovery_zoom_out
73,1,0.411993,0.00723449,0.179299,0,0.019923,keep,RECOVERY,0.482547,1.096502,0.276551,0.615544,0.000000,0.480959,0.000000,0.000000,low,6,1,5,0.077228,0.000000,0.073959,0,0,0,,,,keep,0,,recovery_zoom_out
74,1,0.518225,0.00721730,0.425000,1,0.019423,keep,RECOVERY,0.537382,1.940577,0.278270,0.690577,0.000000,1.000000,0.250000,0.000000,predict_only,6,0,6,-1.000000,1.000000,1.000000,0,0,0,,,,keep,0,,recovery_zoom_out
75,1,0.423554,0.00785139,0.218679,0,0.020216,keep,RECOVERY,0.426638,1.222992,0.214861,0.752851,0.000000,0.470141,0.000000,0.000000,low,6,0,6,0.079328,0.000000,0.096189,0,0,0,,,,keep,0,,recovery_zoom_out
76,1,0.534780,0.00809172,0.425000,1,0.020900,keep,RECOVERY,0.458218,2.072964,0.190828,0.822964,0.000000,1.000000,0.250000,0.000000,predict_only,6,0,6,-1.000000,1.000000,1.000000,0,0,0,,,,keep,0,,recovery_zoom_out
77,1,0.464273,0.00852780,0.127894,0,0.021745,keep,RECOVERY,0.379357,1.418942,0.147220,0.938477,0.000000,0.480465,0.000000,0.000000,low,8,0,8,0.037268,0.000000,0.041109,0,0,0,,,,keep,0,,recovery_zoom_out
78,1,0.470919,0.00776222,0.142634,0,0.021088,keep,RECOVERY,0.459237,1.414422,0.223778,0.920901,0.000000,0.493521,0.000000,0.000000,low,6,1,5,0.084578,0.000000,0.104346,0,0,0,,,,keep,0,,recovery_zoom_out
79,1,0.468469,0.00823660,0.141655,0,0.020865,keep,RECOVERY,0.410574,1.462784,0.176340,0.979839,0.000000,0.482944,0.000000,0.000000,low,5,0,5,0.056272,0.000000,0.066822,0,0,0,,,,keep,0,,recovery_zoom_out
80,1,0.463739,0.00784245,0.176095,0,0.021208,keep,RECOVERY,0.447625,1.469955,0.215755,0.986121,0.000000,0.483835,0.000000,0.000000,low,6,0,6,0.082584,0.000000,0.085863,0,0,0,,,,keep,0,,recovery_zoom_out
81,1,0.466278,0.00689657,0.180840,0,0.021058,keep,RECOVERY,0.543483,1.472306,0.310343,0.994340,0.000000,0.477966,0.000000,0.000000,low,7,1,6,0.074641,0.000000,0.093196,0,0,0,,,,keep,0,,recovery_zoom_out
82,1,0.466957,0.00675314,0.144371,0,0.021288,keep,RECOVERY,0.558165,1.465539,0.324686,0.986154,0.000000,0.479386,0.000000,0.000000,low,5,1,4,0.045732,0.000000,0.050825,0,0,0,,,,keep,0,,recovery_zoom_out
83,1,0.492666,0.00719921,0.102792,0,0.021612,keep,RECOVERY,0.526412,1.489178,0.280079,0.984907,0.000000,0.504271,0.000000,0.000000,low,11,0,11,0.093019,0.000000,0.114940,0,0,0,,,,keep,0,,recovery_zoom_out
84,1,0.454962,0.00763332,0.170470,0,0.024130,keep,RECOVERY,0.464149,1.444972,0.236668,0.977013,0.000000,0.467959,0.000000,0.000000,low,10,0,10,0.036731,0.000000,0.046800,0,0,0,,,,keep,0,,recovery_zoom_out
85,1,0.481623,0.00709004,0.109283,0,0.021911,keep,RECOVERY,0.531808,1.465639,0.290996,0.967533,0.000000,0.498106,0.000000,0.000000,low,6,0,6,0.076984,0.000000,0.079741,0,0,0,,,,keep,0,,recovery_zoom_out
86,1,0.442235,0.00662513,0.250750,0,0.021946,keep,RECOVERY,0.558605,1.458302,0.337487,0.988565,0.000000,0.469736,0.000000,0.000000,low,9,0,9,0.093742,0.000000,0.127680,0,0,0,,,,keep,0,,recovery_zoom_out
87,1,0.451005,0.00631059,0.232135,0,0.020070,keep,RECOVERY,0.594444,1.446319,0.368941,0.977986,0.000000,0.468332,0.000000,0.000000,low,4,0,4,0.073114,0.000000,0.124174,0,0,0,,,,keep,0,,recovery_zoom_out
88,1,0.552997,0.00601084,0.425000,1,0.020027,keep,RECOVERY,0.675415,2.226465,0.398916,0.976465,0.000000,1.000000,0.250000,0.000000,predict_only,8,0,8,-1.000000,1.000000,1.000000,0,0,0,,,,keep,0,,recovery_zoom_out
89,1,0.450165,0.00615753,0.239603,0,0.019955,keep,RECOVERY,0.609329,1.473893,0.384247,0.996237,0.000000,0.477656,0.000000,0.000000,low,7,1,6,0.109616,0.000000,0.114814,0,0,0,,,,keep,0,,recovery_zoom_out
90,1,0.419267,0.00634715,0.284171,0,0.021216,keep,RECOVERY,0.574918,1.435048,0.365285,1.000000,0.000000,0.435048,0.000000,0.000000,low,9,0,9,0.031068,0.000000,0.068687,0,0,0,,,,keep,0,,recovery_zoom_out
91,1,0.446965,0.00664550,0.206571,0,0.021054,keep,RECOVERY,0.558932,1.455310,0.335450,1.000000,0.000000,0.455310,0.000000,0.000000,low,5,0,5,0.031053,0.000000,0.065374,0,0,0,,,,keep,0,,recovery_zoom_out
92,1,0.496998,0.00596736,0.117687,0,0.020927,keep,RECOVERY,0.651763,1.487103,0.403264,0.983742,0.000000,0.503361,0.000000,0.000000,low,5,0,5,0.104302,0.000000,0.144291,0,0,0,,,,keep,0,,recovery_zoom_out
93,1,0.476144,0.00599824,0.112192,0,0.022145,keep,RECOVERY,0.638248,1.484523,0.400176,0.995013,0.000000,0.489510,0.000000,0.000000,low,6,0,6,0.051645,0.000000,0.056975,0,0,0,,,,keep,0,,recovery_zoom_out
94,1,0.481325,0.00587205,0.112681,0,0.021185,keep,RECOVERY,0.653457,1.472221,0.412795,0.978512,0.000000,0.493709,0.000000,0.000000,low,9,0,9,0.060702,0.000000,0.074152,0,0,0,,,,keep,0,,recovery_zoom_out
95,1,0.505173,0.00501421,0.137292,0,0.021501,keep,RECOVERY,0.751165,1.485496,0.498579,0.976830,0.000000,0.508666,0.000000,0.000000,low,8,0,8,0.140184,0.000000,0.207549,0,0,0,,,,keep,0,,recovery_zoom_out
96,1,0.476062,0.00551628,0.200421,0,0.021466,keep,RECOVERY,0.686403,1.464316,0.448372,0.970870,0.000000,0.493446,0.000000,0.000000,low,4,0,4,0.143009,0.000000,0.210752,0,0,0,,,,keep,0,,recovery_zoom_out
97,1,0.485756,0.00514863,0.116273,0,0.021367,keep,RECOVERY,0.728015,1.489761,0.485137,0.990464,0.000000,0.499297,0.000000,0.000000,low,10,1,9,0.085905,0.000000,0.093913,0,0,0,,,,keep,0,,recovery_zoom_out
98,1,0.482069,0.00531514,0.111068,0,0.021602,keep,RECOVERY,0.709520,1.471761,0.468486,0.977743,0.000000,0.494018,0.000000,0.000000,low,9,1,8,0.069550,0.000000,0.090663,0,0,0,,,,keep,0,,recovery_zoom_out
99,1,0.455109,0.00621431,0.264930,0,0.021204,keep,RECOVERY,0.606123,1.450795,0.378569,0.976796,0.000000,0.473999,0.000000,0.000000,low,7,0,7,0.132260,0.000000,0.180293,0,0,0,,,,keep,0,,recovery_zoom_out
100,1,0.435153,0.00636899,0.220607,0,0.020262,keep,RECOVERY,0.580678,1.426070,0.363101,0.973737,0.000000,0.452333,0.000000,0.000000,low,6,1,5,0.027603,0.000000,0.043922,0,0,0,,,,keep,0,,recovery_zoom_out
101,1,0.409319,0.00628734,0.301519,0,0.020882,keep,RECOVERY,0.575926,1.408312,0.371266,0.972548,0.000000,0.435764,0.000000,0.000000,low,7,2,5,0.045366,0.000000,0.071308,0,0,0,,,,keep,0,,recovery_zoom_out
102,1,0.459505,0.00628795,0.197550,0,0.019674,keep,RECOVERY,0.600958,1.474391,0.371205,0.993726,0.000000,0.480666,0.000000,0.000000,low,9,3,6,0.083021,0.000000,0.107746,0,0,0,,,,keep,0,,recovery_zoom_out
103,1,0.427013,0.00657663,0.252732,0,0.020421,keep,RECOVERY,0.555843,1.436340,0.342337,1.000000,0.000000,0.436340,0.000000,0.000000,low,9,1,8,0.011898,0.000000,0.048950,0,0,0,,,,keep,0,,recovery_zoom_out
104,1,0.555196,0.00670715,0.425000,1,0.019557,keep,RECOVERY,0.606883,2.250000,0.329285,1.000000,0.000000,1.000000,0.250000,0.000000,predict_only,8,2,6,-1.000000,1.000000,1.000000,0,0,0,,,,keep,0,,recovery_zoom_out
105,1,0.504384,0.00797449,0.133882,0,0.019589,keep,RECOVERY,0.454743,1.505488,0.202551,0.982045,0.000000,0.523444,0.000000,0.000000,low,9,2,7,0.156601,0.000000,0.187745,0,0,0,,,,keep,0,,recovery_zoom_out
106,1,0.465918,0.00826423,0.143142,0,0.020236,keep,RECOVERY,0.406536,1.454272,0.173577,0.973126,0.000000,0.481146,0.000000,0.000000,low,7,2,5,0.048110,0.000000,0.062731,0,0,0,,,,keep,0,,recovery_zoom_out
107,1,0.489437,0.00767563,0.141733,0,0.021066,keep,RECOVERY,0.477156,1.505737,0.232437,0.990010,0.000000,0.515726,0.000000,0.000000,low,6,1,5,0.134608,0.000000,0.125545,0,0,0,,,,keep,0,,recovery_zoom_out
108,1,0.487909,0.00728355,0.114063,0,0.021722,keep,RECOVERY,0.515599,1.489346,0.271645,0.996413,0.000000,0.492933,0.000000,0.000000,low,9,2,7,0.067215,0.000000,0.113420,0,0,0,,,,keep,0,,recovery_zoom_out
109,1,0.523363,0.00818574,0.100540,0,0.021232,keep,RECOVERY,0.443107,1.507638,0.181426,0.986369,0.000000,0.521269,0.000000,0.000000,low,7,1,6,0.150339,0.000000,0.223927,0,0,0,,,,keep,0,,recovery_zoom_out
110,1,0.474756,0.00923681,0.129766,0,0.021594,keep,RECOVERY,0.313697,1.471489,0.076319,0.979940,0.000000,0.491549,0.000000,0.000000,low,7,1,6,0.066813,0.000000,0.054745,0,0,0,,,,keep,0,,recovery_zoom_out
111,1,0.438283,0.01013756,0.222603,0,0.021632,keep,RECOVERY,0.219141,1.406395,0.000000,0.945192,0.000000,0.461203,0.000000,0.000000,low,12,1,11,0.047013,0.000000,0.078638,0,0,0,,,,keep,0,,recovery_zoom_out
112,1,0.317116,0.00954106,0.487046,0,0.020758,keep,CAUTION,0.204452,0.990071,0.045894,0.794960,0.000000,0.195111,0.000000,0.000000,high,7,1,6,0.073143,0.000000,0.133500,0,0,0,,,,keep,0,,edge_suppression
113,1,0.398897,0.00914953,0.315874,0,0.021219,keep,CAUTION,0.284495,1.222950,0.085047,0.771906,0.000000,0.451044,0.000000,0.000000,low,7,0,7,0.100815,0.000000,0.146210,0,0,0,,,,keep,0,,edge_suppression
114,1,0.441016,0.00905072,0.210178,0,0.021336,keep,CAUTION,0.315436,1.122527,0.094928,0.626874,0.000000,0.495653,0.000000,0.000000,low,6,0,6,0.142311,0.000000,0.222530,0,0,0,,,,keep,0,,caution_zoom_out
115,1,0.398967,0.00795655,0.220570,0,0.021494,keep,CAUTION,0.403828,0.967133,0.204345,0.483523,0.000000,0.483609,0.000000,0.000000,low,8,0,8,0.114991,0.000000,0.108982,0,0,0,,,,keep,0,,caution_zoom_out
116,1,0.424529,0.00772085,0.189517,0,0.022341,keep,CAUTION,0.440179,0.952775,0.227915,0.442066,0.000000,0.510709,0.000000,0.000000,low,10,1,9,0.170842,0.000000,0.247124,0,0,0,,,,keep,0,,caution_zoom_out
117,1,0.383332,0.00888210,0.246967,0,0.020453,keep,CAUTION,0.303456,0.874806,0.111790,0.394802,0.000000,0.480004,0.000000,0.000000,low,7,1,6,0.126741,0.000000,0.145527,0,0,0,,,,keep,0,,caution_zoom_out
118,1,0.319665,0.00914580,0.312790,0,0.020558,keep,CAUTION,0.245252,0.695502,0.085420,0.273459,0.000000,0.422043,0.000000,0.000000,low,7,0,7,0.013637,0.000000,0.045549,0,0,0,,,,keep,0,,caution_zoom_out
119,1,0.377996,0.00917756,0.125105,0,0.020512,keep,CAUTION,0.271242,0.682768,0.082244,0.204419,0.000000,0.478349,0.000000,0.000000,low,11,2,9,0.035345,0.000000,0.057341,0,0,0,,,,keep,0,,caution_zoom_out
120,1,0.404197,0.00710287,0.179974,0,0.020271,keep,CAUTION,0.491811,0.696915,0.289713,0.167357,0.000000,0.529558,0.000000,0.000000,low,10,0,10,0.230118,0.000000,0.260933,0,0,0,,,,keep,0,,caution_zoom_out
121,1,0.449308,0.00625329,0.425000,1,0.021224,keep,CAUTION,0.599325,1.357924,0.374671,0.107924,0.000000,1.000000,0.250000,0.000000,predict_only,7,2,5,-1.000000,1.000000,1.000000,0,0,0,,,,keep,0,,lost_zoom_out
122,1,0.403553,0.00860110,0.282391,0,0.021097,keep,CAUTION,0.341666,0.520781,0.139890,0.000709,0.000000,0.520072,0.000000,0.000000,low,12,2,10,0.312684,0.000000,0.516228,0,0,0,,,,keep,0,,caution_zoom_out
123,1,0.325503,0.00931296,0.211706,0,0.021444,keep,CAUTION,0.231456,0.447068,0.068704,0.000000,0.000000,0.447068,0.000000,0.000000,low,11,2,9,0.013800,0.000000,0.058271,0,0,0,,,,keep,0,,caution_zoom_out
124,1,0.312808,0.00876597,0.277253,0,0.021464,keep,CAUTION,0.279806,0.452409,0.123403,0.000000,0.000000,0.452409,0.000000,0.000000,low,11,2,9,0.074309,0.000000,0.098924,0,0,0,,,,keep,0,,caution_zoom_out
125,1,0.437844,0.00876548,0.425000,1,0.022129,keep,RECOVERY,0.342374,1.250000,0.123452,0.000000,0.000000,1.000000,0.250000,0.000000,predict_only,14,3,11,-1.000000,1.000000,1.000000,0,0,0,,,,keep,0,,recovery_zoom_out
126,1,0.360891,0.00947758,0.174845,0,0.021946,keep,RECOVERY,0.232688,0.509259,0.052242,0.000000,0.000000,0.509259,0.000000,0.000000,low,9,2,7,0.149472,0.000000,0.153717,0,0,0,,,,keep,0,,recovery_zoom_out
127,1,0.435437,0.00975851,0.425000,1,0.021443,keep,RECOVERY,0.241867,1.250000,0.024149,0.000000,0.000000,1.000000,0.250000,0.000000,predict_only,7,0,7,-1.000000,1.000000,1.000000,0,0,0,,,,keep,0,,recovery_zoom_out
128,1,0.343768,0.00844394,0.207407,0,0.021864,keep,RECOVERY,0.327490,0.481390,0.155606,0.000000,0.000000,0.481390,0.000000,0.000000,low,10,2,8,0.105977,0.000000,0.116700,0,0,0,,,,keep,0,,recovery_zoom_out
129,1,0.376064,0.00860556,0.196991,0,0.022301,keep,RECOVERY,0.327476,0.768243,0.139444,0.000000,0.000000,0.768243,0.000000,0.000000,low,13,0,13,0.080969,0.647005,0.096340,0,0,0,,,,keep,0,,recovery_zoom_out
130,1,0.345132,0.00872134,0.136886,0,0.021083,keep,RECOVERY,0.300432,0.473889,0.127866,0.000000,0.000000,0.473889,0.000000,0.000000,low,14,1,13,0.028185,0.000000,0.034490,0,0,0,,,,keep,0,,recovery_zoom_out
131,1,0.287968,0.00869886,0.321895,0,0.020502,keep,RECOVERY,0.274097,0.429407,0.130114,0.000000,0.000000,0.429407,0.000000,0.000000,low,12,3,9,0.035931,0.000000,0.075690,0,0,0,,,,keep,0,,recovery_zoom_out
132,1,0.357080,0.00813652,0.142751,0,0.019874,keep,RECOVERY,0.364888,0.489092,0.186348,0.000000,0.000000,0.489092,0.000000,0.000000,low,11,1,10,0.074841,0.000000,0.089024,0,0,0,,,,keep,0,,recovery_zoom_out
133,1,0.353058,0.00895570,0.171687,0,0.021058,keep,RECOVERY,0.280959,0.492478,0.104430,0.000000,0.000000,0.492478,0.000000,0.000000,low,12,1,11,0.105484,0.000000,0.107696,0,0,0,,,,keep,0,,recovery_zoom_out
134,1,0.319471,0.00881320,0.211282,0,0.020909,keep,RECOVERY,0.278415,0.450467,0.118680,0.000000,0.000000,0.450467,0.000000,0.000000,low,10,0,10,0.017548,0.000000,0.036511,0,0,0,,,,keep,0,,recovery_zoom_out
135,1,0.290885,0.00876256,0.292305,0,0.021518,keep,RECOVERY,0.269187,0.432862,0.123744,0.000000,0.000000,0.432862,0.000000,0.000000,low,11,3,8,0.024514,0.000000,0.035528,0,0,0,,,,keep,0,,recovery_zoom_out
136,1,0.282381,0.00816050,0.333824,0,0.021448,keep,RECOVERY,0.325141,0.421809,0.183950,0.000000,0.000000,0.421809,0.000000,0.000000,low,9,2,7,0.031586,0.000000,0.061823,0,0,0,,,,keep,0,,recovery_zoom_out
137,1,0.397403,0.00802154,0.185752,0,0.021117,keep,RECOVERY,0.396547,0.936027,0.197846,0.000000,0.000000,0.936027,0.000000,0.000000,low,10,2,8,0.115501,0.978743,0.088612,0,0,0,,,,keep,0,,recovery_zoom_out
138,1,0.436771,0.00780828,0.425000,1,0.021285,keep,RECOVERY,0.437558,1.250000,0.219172,0.000000,0.000000,1.000000,0.250000,0.000000,predict_only,11,3,8,-1.000000,1.000000,1.000000,0,0,0,,,,keep,0,,recovery_zoom_out
139,1,0.302116,0.00733012,0.344994,0,0.020870,keep,RECOVERY,0.418046,0.437583,0.266988,0.000000,0.000000,0.437583,0.000000,0.000000,low,9,2,7,0.082794,0.000000,0.170302,0,0,0,,,,keep,0,,recovery_zoom_out
140,1,0.393969,0.00792187,0.130154,0,0.021576,keep,RECOVERY,0.404797,0.510183,0.207813,0.000000,0.000000,0.510183,0.000000,0.000000,low,11,1,10,0.142271,0.000000,0.226231,0,0,0,,,,keep,0,,recovery_zoom_out
141,1,0.349175,0.00801564,0.155269,0,0.021686,keep,RECOVERY,0.373024,0.485195,0.198436,0.000000,0.000000,0.485195,0.000000,0.000000,low,8,1,7,0.064488,0.000000,0.068245,0,0,0,,,,keep,0,,recovery_zoom_out
142,1,0.375992,0.00693377,0.114603,0,0.021923,keep,RECOVERY,0.494619,0.511800,0.306623,0.000000,0.000000,0.511800,0.000000,0.000000,low,12,2,10,0.122599,0.000000,0.111843,0,0,0,,,,keep,0,,recovery_zoom_out
143,1,0.349261,0.00620155,0.152679,0,0.020762,keep,RECOVERY,0.554476,0.473697,0.379845,0.000000,0.000000,0.473697,0.000000,0.000000,low,9,1,8,0.036264,0.000000,0.066816,0,0,0,,,,keep,0,,recovery_zoom_out
144,1,0.408423,0.00744741,0.119603,0,0.020109,keep,RECOVERY,0.459471,0.553408,0.255259,0.000000,0.000000,0.553408,0.000000,0.000000,low,11,1,10,0.256559,0.000000,0.263651,0,0,0,,,,keep,0,,recovery_zoom_out
145,1,0.346389,0.00877478,0.193987,0,0.019742,keep,RECOVERY,0.295717,0.478126,0.122522,0.000000,0.000000,0.478126,0.000000,0.000000,low,8,2,6,0.082260,0.000000,0.102954,0,0,0,,,,keep,0,,recovery_zoom_out
146,1,0.259185,0.00829113,0.373789,0,0.019759,keep,RECOVERY,0.300479,0.231569,0.170887,0.000000,0.000000,0.231569,0.000000,0.000000,high,8,3,5,0.090948,0.000000,0.138420,0,0,0,,,,keep,0,,recovery_zoom_out
147,1,0.371681,0.00853063,0.116441,0,0.020796,keep,RECOVERY,0.332777,0.504664,0.146937,0.000000,0.000000,0.504664,0.000000,0.000000,low,12,0,12,0.092106,0.000000,0.108875,0,0,0,,,,keep,0,,recovery_zoom_out
148,1,0.435905,0.00874332,0.425000,1,0.020808,keep,RECOVERY,0.343621,1.250000,0.125668,0.000000,0.000000,1.000000,0.250000,0.000000,predict_only,8,1,7,-1.000000,1.000000,1.000000,0,0,0,,,,keep,0,,recovery_zoom_out
149,1,0.354662,0.00828523,0.136435,0,0.021112,keep,RECOVERY,0.348808,0.483948,0.171477,0.000000,0.000000,0.483948,0.000000,0.000000,low,11,1,10,0.053913,0.000000,0.064166,0,0,0,,,,keep,0,,recovery_zoom_out
150,1,0.309178,0.00871903,0.243314,0,0.020986,keep,RECOVERY,0.282686,0.444343,0.128097,0.000000,0.000000,0.444343,0.000000,0.000000,low,8,1,7,0.022821,0.000000,0.038730,0,0,0,,,,keep,0,,recovery_zoom_out
151,1,0.328237,0.00870585,0.196341,0,0.021798,keep,RECOVERY,0.293533,0.465166,0.129415,0.000000,0.000000,0.465166,0.000000,0.000000,low,10,1,9,0.044227,0.000000,0.052817,0,0,0,,,,keep,0,,recovery_zoom_out
152,1,0.435104,0.00879112,0.425000,1,0.021121,keep,RECOVERY,0.338440,1.250000,0.120888,0.000000,0.000000,1.000000,0.250000,0.000000,predict_only,11,1,10,-1.000000,1.000000,1.000000,0,0,0,,,,keep,0,,recovery_zoom_out
153,1,0.501990,0.00887677,0.361250,2,0.021797,keep,RECOVERY,0.363318,1.500000,0.112323,0.000000,0.000000,1.000000,0.500000,0.000000,predict_only,12,0,12,-1.000000,1.000000,2.000000,0,0,0,,,,keep,0,,recovery_zoom_out
154,1,0.294256,0.00850817,0.298350,0,0.021205,keep,RECOVERY,0.296312,0.432205,0.149183,0.000000,0.000000,0.432205,0.000000,0.000000,low,9,0,9,0.030747,0.000000,0.051089,0,0,0,,,,keep,0,,recovery_zoom_out
155,1,0.332873,0.00794209,0.188728,0,0.022745,keep,RECOVERY,0.372227,0.466789,0.205791,0.000000,0.000000,0.466789,0.000000,0.000000,low,13,0,13,0.048511,0.000000,0.062763,0,0,0,,,,keep,0,,recovery_zoom_out
156,1,0.288399,0.00814292,0.305298,0,0.021984,keep,RECOVERY,0.329907,0.432612,0.185708,0.000000,0.000000,0.432612,0.000000,0.000000,low,11,0,11,0.034677,0.000000,0.047914,0,0,0,,,,keep,0,,recovery_zoom_out
157,1,0.306486,0.00783578,0.275382,0,0.020292,keep,RECOVERY,0.369665,0.476777,0.216422,0.030985,0.000000,0.445792,0.000000,0.000000,low,7,0,7,0.047796,0.000000,0.055012,0,0,0,,,,keep,0,,recovery_zoom_out
158,1,0.360133,0.00790380,0.122265,0,0.020280,keep,RECOVERY,0.389686,0.533720,0.209620,0.041717,0.000000,0.492003,0.000000,0.000000,low,6,0,6,0.064671,0.000000,0.054827,0,0,0,,,,keep,0,,recovery_zoom_out
159,1,0.364448,0.00799778,0.120649,0,0.019812,keep,RECOVERY,0.382446,0.538078,0.200222,0.058965,0.000000,0.479113,0.000000,0.000000,low,8,0,8,0.033587,0.000000,0.061423,0,0,0,,,,keep,0,,recovery_zoom_out
160,1,0.444922,0.00801513,0.425000,1,0.020781,keep,RECOVERY,0.420948,1.329804,0.198487,0.079804,0.000000,1.000000,0.250000,0.000000,predict_only,8,0,8,-1.000000,1.000000,1.000000,0,0,0,,,,keep,0,,recovery_zoom_out
161,1,0.334457,0.00792532,0.189462,0,0.021909,keep,RECOVERY,0.374697,0.525684,0.207468,0.070717,0.000000,0.454967,0.000000,0.000000,low,6,1,5,0.011473,0.000000,0.031312,0,0,0,,,,keep,0,,recovery_zoom_out
162,1,0.445098,0.00790033,0.425000,1,0.021454,keep,RECOVERY,0.432516,1.329940,0.209967,0.079940,0.000000,1.000000,0.250000,0.000000,predict_only,6,0,6,-1.000000,1.000000,1.000000,0,0,0,,,,keep,0,,recovery_zoom_out
163,1,0.353627,0.00796854,0.142751,0,0.022070,keep,RECOVERY,0.379959,0.566802,0.203146,0.096742,0.000000,0.470061,0.000000,0.000000,low,8,0,8,0.020584,0.000000,0.037187,0,0,0,,,,keep,0,,recovery_zoom_out
164,1,0.447664,0.00797954,0.425000,1,0.021491,keep,RECOVERY,0.425878,1.358887,0.202046,0.108887,0.000000,1.000000,0.250000,0.000000,predict_only,8,0,8,-1.000000,1.000000,1.000000,0,0,0,,,,keep,0,,recovery_zoom_out
165,1,0.372337,0.00691359,0.115126,0,0.021656,keep,RECOVERY,0.494810,0.507288,0.308641,0.000000,0.000000,0.507288,0.000000,0.000000,low,12,0,12,0.110562,0.000000,0.104621,0,0,0,,,,keep,0,,recovery_zoom_out
166,1,0.436087,0.00650914,0.425000,1,0.022636,keep,RECOVERY,0.567130,1.250000,0.349086,0.000000,0.000000,1.000000,0.250000,0.000000,predict_only,7,0,7,-1.000000,1.000000,1.000000,0,0,0,,,,keep,0,,recovery_zoom_out
167,1,0.503151,0.00610527,0.361250,2,0.021735,keep,RECOVERY,0.641049,1.500000,0.389473,0.000000,0.000000,1.000000,0.500000,0.000000,predict_only,7,0,7,-1.000000,1.000000,2.000000,0,0,0,,,,keep,0,,recovery_zoom_out
168,1,0.537770,0.00570198,0.307062,3,0.022204,keep,RECOVERY,0.698687,1.750000,0.429802,0.000000,0.000000,1.000000,0.750000,0.000000,predict_only,8,0,8,-1.000000,1.000000,3.000000,0,0,0,,,,keep,0,,recovery_zoom_out
169,1,0.558987,0.00529928,0.261003,4,0.021265,keep,RECOVERY,0.749566,2.000000,0.470072,0.000000,0.000000,1.000000,1.000000,0.000000,predict_only,7,0,7,-1.000000,1.000000,4.000000,0,0,0,,,,keep,0,,recovery_zoom_out
170,1,0.574034,0.00489716,0.221853,5,0.019798,keep,RECOVERY,0.797301,2.000000,0.510284,0.000000,0.000000,1.000000,1.000000,0.000000,predict_only,5,0,5,-1.000000,1.000000,5.000000,0,0,0,,,,keep,0,,recovery_zoom_out
171,1,0.585760,0.00449562,0.188575,6,0.019956,keep,RECOVERY,0.843318,2.000000,0.550438,0.000000,0.000000,1.000000,1.000000,0.000000,predict_only,9,0,9,-1.000000,1.000000,6.000000,0,0,0,,,,keep,0,,recovery_zoom_out
172,1,0.595376,0.00409466,0.160289,7,0.019170,keep,RECOVERY,0.888222,2.000000,0.590534,0.000000,0.000000,1.000000,1.000000,0.000000,predict_only,6,0,6,-1.000000,1.000000,7.000000,0,0,0,,,,keep,0,,recovery_zoom_out
173,1,0.485808,0.00776758,0.102924,0,0.020508,keep,RECOVERY,0.466146,0.735509,0.223242,0.124329,0.000000,0.611180,0.000000,0.000000,low,7,0,7,0.447330,0.000000,0.493036,0,0,0,,,,keep,0,,recovery_zoom_out
174,1,0.453030,0.00800113,0.425000,1,0.021223,keep,RECOVERY,0.426402,1.408017,0.199887,0.158017,0.000000,1.000000,0.250000,0.000000,predict_only,7,0,7,-1.000000,1.000000,1.000000,0,0,0,,,,keep,0,,recovery_zoom_out
175,1,0.523932,0.00823541,0.361250,2,0.020900,keep,RECOVERY,0.438425,1.691704,0.176459,0.191704,0.000000,1.000000,0.500000,0.000000,predict_only,6,0,6,-1.000000,1.000000,2.000000,0,0,0,,,,keep,0,,recovery_zoom_out
176,1,0.562376,0.00847042,0.307062,3,0.021815,keep,RECOVERY,0.434146,1.975392,0.152958,0.225392,0.000000,1.000000,0.750000,0.000000,predict_only,7,0,7,-1.000000,1.000000,3.000000,0,0,0,,,,keep,0,,recovery_zoom_out
177,1,0.587406,0.00870617,0.261003,4,0.020900,keep,RECOVERY,0.423086,2.259080,0.129383,0.259080,0.000000,1.000000,1.000000,0.000000,predict_only,6,1,5,-1.000000,1.000000,4.000000,0,0,0,,,,keep,0,,recovery_zoom_out
178,1,0.606247,0.00894264,0.221853,5,0.020797,keep,RECOVERY,0.408859,2.292767,0.105736,0.292767,0.000000,1.000000,1.000000,0.000000,predict_only,3,0,3,-1.000000,1.000000,5.000000,0,0,0,,,,keep,0,,recovery_zoom_out
179,1,0.621748,0.00917985,0.188575,6,0.020862,keep,RECOVERY,0.392889,2.326455,0.082015,0.326455,0.000000,1.000000,1.000000,0.000000,predict_only,6,1,5,-1.000000,1.000000,6.000000,0,0,0,,,,keep,0,,recovery_zoom_out
180,1,0.635113,0.00941779,0.160289,7,0.020992,keep,RECOVERY,0.375778,2.360143,0.058221,0.360143,0.000000,1.000000,1.000000,0.000000,predict_only,9,1,8,-1.000000,1.000000,7.000000,0,0,0,,,,keep,0,,recovery_zoom_out
181,1,0.646925,0.00965646,0.136245,8,0.021396,keep,RECOVERY,0.357816,2.393831,0.034354,0.393831,0.000000,1.000000,1.000000,0.000000,predict_only,7,1,6,-1.000000,1.000000,8.000000,0,0,0,,,,keep,0,,recovery_zoom_out
182,1,0.657510,0.00989586,0.115808,9,0.020727,keep,RECOVERY,0.339169,2.427518,0.010414,0.427518,0.000000,1.000000,1.000000,0.000000,predict_only,6,1,5,-1.000000,1.000000,9.000000,0,0,0,,,,keep,0,,recovery_zoom_out
183,1,0.667089,0.01013600,0.098437,10,0.020017,keep,RECOVERY,0.333545,2.461206,0.000000,0.461206,0.000000,1.000000,1.000000,0.000000,predict_only,6,1,5,-1.000000,1.000000,10.000000,0,0,0,,,,keep,0,,recovery_zoom_out
184,1,0.675826,0.01037686,0.083672,11,0.019498,keep,RECOVERY,0.337913,2.494894,0.000000,0.494894,0.000000,1.000000,1.000000,0.000000,predict_only,6,1,5,-1.000000,1.000000,11.000000,0,0,0,,,,keep,0,,recovery_zoom_out
185,1,0.683851,0.01061846,0.071121,12,0.019266,keep,RECOVERY,0.341926,2.528582,0.000000,0.528582,0.000000,1.000000,1.000000,0.000000,predict_only,4,1,3,-1.000000,1.000000,12.000000,0,0,0,,,,keep,0,,recovery_zoom_out
186,1,0.691274,0.01086079,0.060453,13,0.019555,keep,RECOVERY,0.345637,2.562269,0.000000,0.562269,0.000000,1.000000,1.000000,0.000000,predict_only,5,0,5,-1.000000,1.000000,13.000000,0,0,0,,,,keep,0,,recovery_zoom_out
187,1,0.698185,0.01110385,0.051385,14,0.020296,keep,RECOVERY,0.349092,2.595957,0.000000,0.595957,0.000000,1.000000,1.000000,0.000000,predict_only,6,0,6,-1.000000,1.000000,14.000000,0,0,0,,,,keep,0,,recovery_zoom_out
188,1,0.704661,0.01134764,0.043677,15,0.020785,keep,RECOVERY,0.352330,2.629645,0.000000,0.629645,0.000000,1.000000,1.000000,0.000000,predict_only,8,1,7,-1.000000,1.000000,15.000000,0,0,0,,,,keep,0,,recovery_zoom_out
189,1,0.710768,0.01159216,0.037126,16,0.020561,keep,RECOVERY,0.355384,2.663333,0.000000,0.663333,0.000000,1.000000,1.000000,0.000000,predict_only,8,0,8,-1.000000,1.000000,16.000000,0,0,0,,,,keep,0,,recovery_zoom_out
190,1,0.716562,0.01183742,0.031557,17,0.020613,keep,RECOVERY,0.358281,2.697020,0.000000,0.697020,0.000000,1.000000,1.000000,0.000000,predict_only,8,1,7,-1.000000,1.000000,17.000000,0,0,0,,,,keep,0,,recovery_zoom_out
191,1,0.722089,0.01208340,0.026823,18,0.020960,keep,RECOVERY,0.361044,2.730708,0.000000,0.730708,0.000000,1.000000,1.000000,0.000000,predict_only,7,1,6,-1.000000,1.000000,18.000000,0,0,0,,,,keep,0,,recovery_zoom_out
192,1,0.727389,0.01233012,0.022800,19,0.020678,keep,RECOVERY,0.363695,2.764396,0.000000,0.764396,0.000000,1.000000,1.000000,0.000000,predict_only,7,2,5,-1.000000,1.000000,19.000000,0,0,0,,,,keep,0,,recovery_zoom_out
193,1,0.732498,0.01257757,0.019380,20,0.020765,keep,RECOVERY,0.366249,2.798084,0.000000,0.798084,0.000000,1.000000,1.000000,0.000000,predict_only,6,0,6,-1.000000,1.000000,20.000000,0,0,0,,,,keep,0,,recovery_zoom_out
194,1,0.737443,0.01282575,0.016473,21,0.020825,keep,RECOVERY,0.368721,2.831771,0.000000,0.831771,0.000000,1.000000,1.000000,0.000000,predict_only,6,1,5,-1.000000,1.000000,21.000000,0,0,0,,,,keep,0,,recovery_zoom_out
195,1,0.742249,0.01307466,0.014002,22,0.021589,keep,RECOVERY,0.371124,2.865459,0.000000,0.865459,0.000000,1.000000,1.000000,0.000000,predict_only,8,0,8,-1.000000,1.000000,22.000000,0,0,0,,,,keep,0,,recovery_zoom_out
196,1,0.746937,0.01332431,0.011902,23,0.021844,keep,RECOVERY,0.373468,2.899147,0.000000,0.899147,0.000000,1.000000,1.000000,0.000000,predict_only,7,0,7,-1.000000,1.000000,23.000000,0,0,0,,,,keep,0,,recovery_zoom_out
197,1,0.751524,0.01357468,0.010116,24,0.020395,keep,RECOVERY,0.375762,2.932834,0.000000,0.932834,0.000000,1.000000,1.000000,0.000000,predict_only,5,0,5,-1.000000,1.000000,24.000000,0,0,0,,,,keep,0,,recovery_zoom_out
198,1,0.756027,0.01382579,0.008599,25,0.020409,keep,RECOVERY,0.378014,2.966522,0.000000,0.966522,0.000000,1.000000,1.000000,0.000000,predict_only,7,0,7,-1.000000,1.000000,25.000000,0,0,0,,,,keep,0,,recovery_zoom_out
199,1,0.760426,0.01407592,0.007309,26,0.020101,keep,RECOVERY,0.380213,3.000000,0.000000,1.000000,0.000000,1.000000,1.000000,0.000000,predict_only,8,0,8,-1.000000,1.000000,26.000000,0,0,0,,,,keep,0,,recovery_zoom_out
200,1,0.760150,0.01405421,0.006213,27,0.020071,keep,RECOVERY,0.380075,3.000000,0.000000,1.000000,0.000000,1.000000,1.000000,0.000000,predict_only,8,0,8,-1.000000,1.000000,27.000000,0,0,0,,,,keep,0,,recovery_zoom_out
201,1,0.760450,0.01403236,0.005281,28,0.021353,keep,RECOVERY,0.380225,3.000000,0.000000,1.000000,0.000000,1.000000,1.000000,0.000000,predict_only,6,1,5,-1.000000,1.000000,28.000000,0,0,0,,,,keep,0,,recovery_zoom_out
202,1,0.760705,0.01401037,0.004489,29,0.020615,keep,RECOVERY,0.380352,3.000000,0.000000,1.000000,0.000000,1.000000,1.000000,0.000000,predict_only,9,3,6,-1.000000,1.000000,29.000000,0,0,0,,,,keep,0,,recovery_zoom_out
203,1,0.760922,0.01398824,0.003815,30,0.020797,keep,RECOVERY,0.380461,3.000000,0.000000,1.000000,0.000000,1.000000,1.000000,0.000000,predict_only,8,3,5,-1.000000,1.000000,30.000000,0,0,0,,,,keep,0,,recovery_zoom_out
204,1,0.761107,0.01396597,0.003243,31,0.020684,keep,RECOVERY,0.380553,3.000000,0.000000,1.000000,0.000000,1.000000,1.000000,0.000000,predict_only,7,0,7,-1.000000,1.000000,31.000000,0,0,0,,,,keep,0,,recovery_zoom_out
205,1,0.761264,0.01394356,0.002757,32,0.020522,keep,RECOVERY,0.380632,3.000000,0.000000,1.000000,0.000000,1.000000,1.000000,0.000000,predict_only,7,2,5,-1.000000,1.000000,32.000000,0,0,0,,,,keep,0,,recovery_zoom_out
206,1,0.761398,0.01392101,0.002343,33,0.020711,keep,RECOVERY,0.380699,3.000000,0.000000,1.000000,0.000000,1.000000,1.000000,0.000000,predict_only,5,2,3,-1.000000,1.000000,33.000000,0,0,0,,,,keep,0,,recovery_zoom_out
207,1,0.761512,0.01389832,0.001992,34,0.020686,keep,RECOVERY,0.380756,3.000000,0.000000,1.000000,0.000000,1.000000,1.000000,0.000000,predict_only,6,1,5,-1.000000,1.000000,34.000000,0,0,0,,,,keep,0,,recovery_zoom_out
208,1,0.761609,0.01387549,0.001693,35,0.020948,keep,RECOVERY,0.380805,3.000000,0.000000,1.000000,0.000000,1.000000,1.000000,0.000000,predict_only,5,1,4,-1.000000,1.000000,35.000000,0,0,0,,,,keep,0,,recovery_zoom_out
209,1,0.761692,0.01385251,0.001439,36,0.020982,keep,RECOVERY,0.380846,3.000000,0.000000,1.000000,0.000000,1.000000,1.000000,0.000000,predict_only,6,1,5,-1.000000,1.000000,36.000000,0,0,0,,,,keep,0,,recovery_zoom_out
210,1,0.761763,0.01382940,0.001223,37,0.020724,keep,RECOVERY,0.380882,3.000000,0.000000,1.000000,0.000000,1.000000,1.000000,0.000000,predict_only,8,0,8,-1.000000,1.000000,37.000000,0,0,0,,,,keep,0,,recovery_zoom_out
211,1,0.761824,0.01380615,0.001040,38,0.020447,keep,RECOVERY,0.380912,3.000000,0.000000,1.000000,0.000000,1.000000,1.000000,0.000000,predict_only,8,0,8,-1.000000,1.000000,38.000000,0,0,0,,,,keep,0,,recovery_zoom_out
212,1,0.761875,0.01378276,0.000884,39,0.019426,keep,RECOVERY,0.380938,3.000000,0.000000,1.000000,0.000000,1.000000,1.000000,0.000000,predict_only,2,0,2,-1.000000,1.000000,39.000000,0,0,0,,,,keep,0,,recovery_zoom_out
213,1,0.761919,0.01375922,0.000751,40,0.019167,keep,RECOVERY,0.380960,3.000000,0.000000,1.000000,0.000000,1.000000,1.000000,0.000000,predict_only,4,0,4,-1.000000,1.000000,40.000000,0,0,0,,,,keep,0,,recovery_zoom_out
214,1,0.761957,0.01373555,0.000638,41,0.019226,keep,RECOVERY,0.380979,3.000000,0.000000,1.000000,0.000000,1.000000,1.000000,0.000000,predict_only,7,0,7,-1.000000,1.000000,41.000000,0,0,0,,,,keep,0,,recovery_zoom_out
215,1,0.761990,0.01371174,0.000543,42,0.019404,keep,RECOVERY,0.380995,3.000000,0.000000,1.000000,0.000000,1.000000,1.000000,0.000000,predict_only,4,0,4,-1.000000,1.000000,42.000000,0,0,0,,,,keep,0,,recovery_zoom_out
216,1,0.762018,0.01368779,0.000461,43,0.020165,keep,RECOVERY,0.381009,3.000000,0.000000,1.000000,0.000000,1.000000,1.000000,0.000000,predict_only,5,0,5,-1.000000,1.000000,43.000000,0,0,0,,,,keep,0,,recovery_zoom_out
217,1,0.762041,0.01366369,0.000392,44,0.020675,keep,RECOVERY,0.381021,3.000000,0.000000,1.000000,0.000000,1.000000,1.000000,0.000000,predict_only,2,0,2,-1.000000,1.000000,44.000000,0,0,0,,,,keep,0,,recovery_zoom_out
218,1,0.762062,0.01363946,0.000333,45,0.020610,keep,RECOVERY,0.381031,3.000000,0.000000,1.000000,0.000000,1.000000,1.000000,0.000000,predict_only,1,0,1,-1.000000,1.000000,45.000000,0,0,0,,,,keep,0,,recovery_zoom_out
219,1,0.762080,0.01361508,0.000283,46,0.020775,keep,RECOVERY,0.381040,3.000000,0.000000,1.000000,0.000000,1.000000,1.000000,0.000000,predict_only,3,0,3,-1.000000,1.000000,46.000000,0,0,0,,,,keep,0,,recovery_zoom_out
220,1,0.762095,0.01359057,0.000241,47,0.020370,keep,RECOVERY,0.381048,3.000000,0.000000,1.000000,0.000000,1.000000,1.000000,0.000000,predict_only,6,0,6,-1.000000,1.000000,47.000000,0,0,0,,,,keep,0,,recovery_zoom_out
221,1,0.762109,0.01356591,0.000205,48,0.020571,keep,RECOVERY,0.381054,3.000000,0.000000,1.000000,0.000000,1.000000,1.000000,0.000000,predict_only,4,0,4,-1.000000,1.000000,48.000000,0,0,0,,,,keep,0,,recovery_zoom_out
222,1,0.762121,0.01354112,0.000174,49,0.020963,keep,RECOVERY,0.381060,3.000000,0.000000,1.000000,0.000000,1.000000,1.000000,0.000000,predict_only,8,0,8,-1.000000,1.000000,49.000000,0,0,0,,,,keep,0,,recovery_zoom_out
223,1,0.762131,0.01351618,0.000148,50,0.020862,keep,RECOVERY,0.381065,3.000000,0.000000,1.000000,0.000000,1.000000,1.000000,0.000000,predict_only,8,0,8,-1.000000,1.000000,50.000000,0,0,0,,,,keep,0,,recovery_zoom_out
224,1,0.762140,0.01349111,0.000126,51,0.021188,keep,RECOVERY,0.381070,3.000000,0.000000,1.000000,0.000000,1.000000,1.000000,0.000000,predict_only,6,0,6,-1.000000,1.000000,51.000000,0,0,0,,,,keep,0,,recovery_zoom_out
225,1,0.762148,0.01346589,0.000107,52,0.020430,keep,RECOVERY,0.381074,3.000000,0.000000,1.000000,0.000000,1.000000,1.000000,0.000000,predict_only,6,0,6,-1.000000,1.000000,52.000000,0,0,0,,,,keep,0,,recovery_zoom_out
226,1,0.762155,0.01344054,0.000091,53,0.019614,keep,RECOVERY,0.381077,3.000000,0.000000,1.000000,0.000000,1.000000,1.000000,0.000000,predict_only,5,1,4,-1.000000,1.000000,53.000000,0,0,0,,,,keep,0,,recovery_zoom_out
227,1,0.762161,0.01341504,0.000077,54,0.019806,keep,RECOVERY,0.381081,3.000000,0.000000,1.000000,0.000000,1.000000,1.000000,0.000000,predict_only,5,1,4,-1.000000,1.000000,54.000000,0,0,0,,,,keep,0,,recovery_zoom_out
228,1,0.762167,0.01338941,0.000066,55,0.019186,keep,RECOVERY,0.381083,3.000000,0.000000,1.000000,0.000000,1.000000,1.000000,0.000000,predict_only,7,0,7,-1.000000,1.000000,55.000000,0,0,0,,,,keep,0,,recovery_zoom_out
229,1,0.762172,0.01336363,0.000056,56,0.019024,keep,RECOVERY,0.381086,3.000000,0.000000,1.000000,0.000000,1.000000,1.000000,0.000000,predict_only,3,0,3,-1.000000,1.000000,56.000000,0,0,0,,,,keep,0,,recovery_zoom_out
230,1,0.762177,0.01333771,0.000047,57,0.019394,keep,RECOVERY,0.381088,3.000000,0.000000,1.000000,0.000000,1.000000,1.000000,0.000000,predict_only,2,0,2,-1.000000,1.000000,57.000000,0,0,0,,,,keep,0,,recovery_zoom_out
231,1,0.762181,0.01331166,0.000040,58,0.020290,keep,RECOVERY,0.381091,3.000000,0.000000,1.000000,0.000000,1.000000,1.000000,0.000000,predict_only,1,0,1,-1.000000,1.000000,58.000000,0,0,0,,,,keep,0,,recovery_zoom_out
232,1,0.762185,0.01328546,0.000034,59,0.020273,keep,RECOVERY,0.381093,3.000000,0.000000,1.000000,0.000000,1.000000,1.000000,0.000000,predict_only,2,0,2,-1.000000,1.000000,59.000000,0,0,0,,,,keep,0,,recovery_zoom_out
233,1,0.762189,0.01325912,0.000029,60,0.020728,keep,RECOVERY,0.381094,3.000000,0.000000,1.000000,0.000000,1.000000,1.000000,0.000000,predict_only,2,0,2,-1.000000,1.000000,60.000000,0,0,0,,,,keep,0,,recovery_zoom_out
234,1,0.580452,0.01520361,0.117980,0,0.020886,keep,RECOVERY,0.290226,1.091973,0.000000,0.462335,0.000000,0.629639,0.000000,0.000000,low,3,0,3,0.473902,0.000000,0.868304,0,0,0,,,,keep,0,,recovery_zoom_out
235,1,0.487962,0.01526647,0.425000,1,0.020840,keep,RECOVERY,0.243981,1.705441,0.000000,0.455441,0.000000,1.000000,0.250000,0.000000,predict_only,2,0,2,-1.000000,1.000000,1.000000,0,0,0,,,,keep,0,,recovery_zoom_out
236,1,0.554037,0.01532902,0.361250,2,0.020375,keep,RECOVERY,0.277019,1.948547,0.000000,0.448547,0.000000,1.000000,0.500000,0.000000,predict_only,3,0,3,-1.000000,1.000000,2.000000,0,0,0,,,,keep,0,,recovery_zoom_out
237,1,0.587653,0.01539125,0.307062,3,0.020814,keep,RECOVERY,0.293827,2.191653,0.000000,0.441653,0.000000,1.000000,0.750000,0.000000,predict_only,5,0,5,-1.000000,1.000000,3.000000,0,0,0,,,,keep,0,,recovery_zoom_out
238,1,0.607853,0.01545317,0.261003,4,0.021379,keep,RECOVERY,0.303926,2.434759,0.000000,0.434759,0.000000,1.000000,1.000000,0.000000,predict_only,2,0,2,-1.000000,1.000000,4.000000,0,0,0,,,,keep,0,,recovery_zoom_out
239,1,0.621863,0.01551476,0.221853,5,0.021625,keep,RECOVERY,0.310932,2.427865,0.000000,0.427865,0.000000,1.000000,1.000000,0.000000,predict_only,2,0,2,-1.000000,1.000000,5.000000,0,0,0,,,,keep,0,,recovery_zoom_out
240,1,0.632530,0.01557604,0.188575,6,0.020590,keep,RECOVERY,0.316265,2.420971,0.000000,0.420971,0.000000,1.000000,1.000000,0.000000,predict_only,4,0,4,-1.000000,1.000000,6.000000,0,0,0,,,,keep,0,,recovery_zoom_out
241,1,0.641062,0.01563701,0.160289,7,0.019375,keep,RECOVERY,0.320531,2.414077,0.000000,0.414077,0.000000,1.000000,1.000000,0.000000,predict_only,4,0,4,-1.000000,1.000000,7.000000,0,0,0,,,,keep,0,,recovery_zoom_out
242,1,0.648038,0.01569766,0.136245,8,0.019195,keep,RECOVERY,0.324019,2.407183,0.000000,0.407183,0.000000,1.000000,1.000000,0.000000,predict_only,6,0,6,-1.000000,1.000000,8.000000,0,0,0,,,,keep,0,,recovery_zoom_out
243,1,0.653787,0.01575799,0.115808,9,0.019615,keep,RECOVERY,0.326893,2.400289,0.000000,0.400289,0.000000,1.000000,1.000000,0.000000,predict_only,6,0,6,-1.000000,1.000000,9.000000,0,0,0,,,,keep,0,,recovery_zoom_out
244,1,0.658528,0.01581800,0.098437,10,0.019609,keep,RECOVERY,0.329264,2.393395,0.000000,0.393395,0.000000,1.000000,1.000000,0.000000,predict_only,6,0,6,-1.000000,1.000000,10.000000,0,0,0,,,,keep,0,,recovery_zoom_out
245,1,0.662425,0.01587770,0.083672,11,0.020444,keep,RECOVERY,0.331213,2.386501,0.000000,0.386501,0.000000,1.000000,1.000000,0.000000,predict_only,3,0,3,-1.000000,1.000000,11.000000,0,0,0,,,,keep,0,,recovery_zoom_out
246,1,0.665611,0.01593708,0.071121,12,0.020275,keep,RECOVERY,0.332805,2.379607,0.000000,0.379607,0.000000,1.000000,1.000000,0.000000,predict_only,3,0,3,-1.000000,1.000000,12.000000,0,0,0,,,,keep,0,,recovery_zoom_out
247,1,0.668192,0.01599615,0.060453,13,0.020313,keep,RECOVERY,0.334096,2.372713,0.000000,0.372713,0.000000,1.000000,1.000000,0.000000,predict_only,4,0,4,-1.000000,1.000000,13.000000,0,0,0,,,,keep,0,,recovery_zoom_out
248,1,0.670261,0.01605490,0.051385,14,0.020515,keep,RECOVERY,0.335131,2.365819,0.000000,0.365819,0.000000,1.000000,1.000000,0.000000,predict_only,4,1,3,-1.000000,1.000000,14.000000,0,0,0,,,,keep,0,,recovery_zoom_out
249,1,0.671895,0.01611333,0.043677,15,0.020498,keep,RECOVERY,0.335947,2.358925,0.000000,0.358925,0.000000,1.000000,1.000000,0.000000,predict_only,5,0,5,-1.000000,1.000000,15.000000,0,0,0,,,,keep,0,,recovery_zoom_out
250,1,0.673159,0.01617145,0.037126,16,0.020478,keep,RECOVERY,0.336579,2.352031,0.000000,0.352031,0.000000,1.000000,1.000000,0.000000,predict_only,3,0,3,-1.000000,1.000000,16.000000,0,0,0,,,,keep,0,,recovery_zoom_out
251,1,0.674108,0.01622925,0.031557,17,0.021525,keep,RECOVERY,0.337054,2.345137,0.000000,0.345137,0.000000,1.000000,1.000000,0.000000,predict_only,4,0,4,-1.000000,1.000000,17.000000,0,0,0,,,,keep,0,,recovery_zoom_out
252,1,0.674790,0.01628673,0.026823,18,0.021687,keep,RECOVERY,0.337395,2.338243,0.000000,0.338243,0.000000,1.000000,1.000000,0.000000,predict_only,4,0,4,-1.000000,1.000000,18.000000,0,0,0,,,,keep,0,,recovery_zoom_out
253,1,0.675245,0.01634390,0.022800,19,0.022131,keep,RECOVERY,0.337622,2.331349,0.000000,0.331349,0.000000,1.000000,1.000000,0.000000,predict_only,4,0,4,-1.000000,1.000000,19.000000,0,0,0,,,,keep,0,,recovery_zoom_out
254,1,0.675506,0.01640075,0.019380,20,0.020836,keep,RECOVERY,0.337753,2.324455,0.000000,0.324455,0.000000,1.000000,1.000000,0.000000,predict_only,4,0,4,-1.000000,1.000000,20.000000,0,0,0,,,,keep,0,,recovery_zoom_out
255,1,0.675604,0.01645728,0.016473,21,0.019729,keep,RECOVERY,0.337802,2.317561,0.000000,0.317561,0.000000,1.000000,1.000000,0.000000,predict_only,5,0,5,-1.000000,1.000000,21.000000,0,0,0,,,,keep,0,,recovery_zoom_out
256,1,0.675562,0.01651350,0.014002,22,0.019058,keep,RECOVERY,0.337781,2.310667,0.000000,0.310667,0.000000,1.000000,1.000000,0.000000,predict_only,3,0,3,-1.000000,1.000000,22.000000,0,0,0,,,,keep,0,,recovery_zoom_out
257,1,0.675402,0.01656940,0.011902,23,0.019040,keep,RECOVERY,0.337701,2.303773,0.000000,0.303773,0.000000,1.000000,1.000000,0.000000,predict_only,4,0,4,-1.000000,1.000000,23.000000,0,0,0,,,,keep,0,,recovery_zoom_out
258,1,0.675141,0.01662498,0.010116,24,0.019343,keep,RECOVERY,0.337570,2.296879,0.000000,0.296879,0.000000,1.000000,1.000000,0.000000,predict_only,4,0,4,-1.000000,1.000000,24.000000,0,0,0,,,,keep,0,,recovery_zoom_out
259,1,0.674794,0.01668025,0.008599,25,0.019367,keep,RECOVERY,0.337397,2.289985,0.000000,0.289985,0.000000,1.000000,1.000000,0.000000,predict_only,3,0,3,-1.000000,1.000000,25.000000,0,0,0,,,,keep,0,,recovery_zoom_out
260,1,0.674374,0.01673520,0.007309,26,0.020512,keep,RECOVERY,0.337187,2.283091,0.000000,0.283091,0.000000,1.000000,1.000000,0.000000,predict_only,3,0,3,-1.000000,1.000000,26.000000,0,0,0,,,,keep,0,,recovery_zoom_out
261,1,0.673893,0.01678983,0.006213,27,0.020386,keep,RECOVERY,0.336946,2.276197,0.000000,0.276197,0.000000,1.000000,1.000000,0.000000,predict_only,4,0,4,-1.000000,1.000000,27.000000,0,0,0,,,,keep,0,,recovery_zoom_out
262,1,0.673359,0.01684415,0.005281,28,0.020448,keep,RECOVERY,0.336679,2.269303,0.000000,0.269303,0.000000,1.000000,1.000000,0.000000,predict_only,6,0,6,-1.000000,1.000000,28.000000,0,0,0,,,,keep,0,,recovery_zoom_out
263,1,0.672780,0.01689815,0.004489,29,0.020669,keep,RECOVERY,0.336390,2.262409,0.000000,0.262409,0.000000,1.000000,1.000000,0.000000,predict_only,5,0,5,-1.000000,1.000000,29.000000,0,0,0,,,,keep,0,,recovery_zoom_out
